832.7563230759
96.2097396250
230.8369472143
435.6919975313
762.4948355397
759.4381029997
914.8046833873
595.2511586156
854.6478426247
145.6416310668
30.9431561469
617.1426781644
904.0797340665
944.7478399994
212.3938372452
758.7275766912
90.3894710662
242.3369933921
375.8702553208
993.4692051327
187.0848333915
587.2640925660
752.1967818239
276.4743044577
828.6010859581
128.0670371447
269.9435095903
15.6859198147
714.3311297107
22.1402918794
291.1602242724
542.9322161339
149.2073290241
560.1037343279
557.6181359487
862.5384591999
581.2440262074
847.7783602211
405.4706753339
729.4513552315
407.8820945490
962.0888112825
591.9898144314
988.1261207564
809.8671715036
996.4604897653
717.5774764530
217.7492665178
958.5493010478
309.5672908844
205.8753872742
768.4164730166
306.0277811149
922.4528637272
985.1657395344
264.5770821627
232.0201550769
191.0411268086
32.9935551793
537.0479361918
113.4939910010
18.1592947138
800.6250183545
344.5141460779
208.2004219876
832.6185739990
880.5620822697
320.6944129886
849.7778687128
681.1871006242
664.2085590665
57.9782907004
513.8056746232
544.7706413362
377.6727036890
363.5835438012
225.9577419604
41.8812627555
420.5618345016
738.7634170488
585.6519040917
797.2345386557
102.3469608501
810.6096465173
838.1158014112
521.9087953516
549.3730635662
423.7677059681
319.1433340074
650.7200244162
234.3773524854
157.2591358838
172.6288197679
782.7504160516
580.0268418519
490.7721542404
433.4704404678
813.4041943373
647.0312901242
605.0992602357
596.1546103889
227.0581319761
95.8714144761
29.6250508567
40.4623263134
741.9027046002
633.7243110924
635.6169367023
967.9608365763
728.5957260337
664.2419875590
8.4231628897
470.4984306339
297.9662986514
643.0400995919
438.4592676754
26.5620246851
307.2820871510
445.8824305651
496.0604557842
604.2483862676
88.9225306222
933.5197234596
629.8104109527
395.2046177732
379.4021540247
125.8708667369
998.4530040408
467.3246846469
59.3905901965
628.2634154586
861.5293028853
437.7927446864
753.1342821955
859.9823069260
904.1174293333
811.5248728571
488.2457223847
765.6467322186
249.3176175435
241.3800050453
625.6290396098
153.4350468768
52.9048779025
113.8747619945
918.0817795605
301.2224954460
354.2547670398
543.7108191703
453.6575423228
406.1596449423
656.5855811648
371.7393218833
706.3821403882
10.8403486698
914.4501410536
160.0396831762
415.9999936121
571.0357226837
530.7790050595
122.3821344655
580.8760713534
445.2291465783
281.4218176417
995.8760649655
16.2648692620
811.2008227012
118.2581994310
596.1409406154
256.4299692796
398.6800170727
592.0170055809
271.6948385416
209.8808402391
709.2752054771
866.8357791570
465.3108095187
107.9552225498
458.8527852031
736.0056485254
316.8360627890
168.1279906803
602.8414276824
781.1468727728
275.0832132301
61.6942128856
517.1525212983
590.9192764843
228.8222035659
119.9939489807
372.0661492571
502.9054172612
180.6881623315
888.2186705554
93.8246937455
408.5103658973
8.2126195361
464.8908430026
910.4157831585
187.9007818676
353.1095135580
4.2404769040
595.4111482301
360.3221330941
468.1313199066
505.8269313886
547.2229154268
820.2408334645
509.0674087578
142.6340636569
180.5629670238
976.1987286643
647.4609950455
726.7858824506
796.4395625941
156.5284038032
868.4199461075
976.0025296179
132.7271329327
515.8809411530
702.7884120685
928.1666955268
671.4093454215
571.2083581761
904.1692251447
803.1364783542
87.0892993291
606.9576372132
731.3031738810
757.4986447506
178.1659953892
635.4723990257
560.6351231048
264.2552947183
242.4300362389
291.9382969858
21.7539399341
419.5960316281
926.4106960115
581.3890630389
682.8513263464
168.8407322504
872.3273604899
703.6052662805
587.4367638784
798.7380565014
284.9943297845
270.2880906900
966.5787892169
157.3216902744
972.8933569705
554.0155530954
955.0597467758
257.8876867550
823.3036437854
921.6385359927
414.2093770294
796.1970012211
475.6540895533
369.2691242704
54.0846879762
298.9577333387
290.9076602631
467.2940654708
95.1547345598
765.5617498164
835.5631897412
148.2394230012
64.5194836203
126.4708500043
614.5334884720
158.6742181801
891.0326002860
450.0966782132
305.9136411813
954.5520839063
575.5675282176
919.4471296533
113.2263020864
466.6001285035
369.5438078665
418.1399437329
421.1522124098
944.1113365493
337.5870733862
533.3785149613
410.7114650528
706.1308817179
950.5184586942
830.8636779278
650.2422182672
288.1055320804
364.2421928891
60.9536833200
993.2364137983
314.7606515833
890.8173612477
643.4786320655
601.8661836637
255.0595541368
703.4323158506
595.1025979272
568.8202057201
594.2496770984
238.5812299927
170.6863898491
848.3092317004
941.0135458433
764.7889877763
417.1294374205
535.2632234069
3.3702177689
586.8158272696
383.5724551072
943.3837640774
351.6048150458
799.7018925278
478.6469874843
353.9750332800
386.5177202625
861.2194425915
297.3587973574
737.1225353084
660.9213351193
775.0057848417
91.0975685883
47.4390553818
636.2252274333
387.4563659457
783.5615911554
297.1465625525
162.4621507875
873.6591597437
343.5856183995
797.6873782207
261.1155261546
127.1472095549
94.8339412385
422.5776769421
999.8063692986
437.4195596380
854.6794708101
750.2800348904
521.9008986559
501.4147783564
504.5980715533
363.8862214745
654.3761885017
859.8969923742
729.3176817335
361.8686806047
538.6567617669
535.4211019636
593.6721357983
604.8321737493
789.5376602421
368.2835650039
66.1961537907
835.8324328745
735.7559212791
719.3980986187
386.6695563933
237.4757656232
163.6421371703
613.1870257868
46.3993408317
888.4861803697
95.0433774265
590.5010758508
897.3087898656
639.4078405141
158.8845321923
868.3827890721
279.4675075570
987.0761593422
561.9806958707
477.7287759841
533.2682994180
359.6418012381
545.2121110549
478.2274210365
279.9720764104
530.4891900453
305.3790779095
301.8676868896
702.4594373517
918.4550953289
772.0104920836
734.0029232060
556.5690723620
739.9142012415
455.0070143584
899.5123722353
962.0976355784
381.0726431408
498.2246281761
194.9012484732
749.8988312650
371.0168191134
505.2348685418
67.3714416977
233.6723396755
531.2883979916
940.5086355363
529.9815067071
296.7907916373
284.9960398437
314.0853256974
501.2005213462
306.0125594488
682.2115818784
582.2224079706
384.1747959862
702.3757002782
126.2303713122
676.6430650973
98.6558331265
713.1591163157
109.2061587088
73.6971690292
894.4835465774
990.8969315044
206.2544468129
612.7427290743
53.5497837160
864.5270104739
438.8066585567
641.0451742075
863.1041947654
726.9022236899
662.9542279099
878.2758351024
356.2024062192
954.7140827007
222.8191387118
705.7106346888
929.3217064869
815.3584723235
76.6765530272
901.7646284886
309.2518049800
743.9702777248
108.7805405310
318.6899715625
446.0279270099
712.2405340546
519.7898823074
115.8572894502
335.2616683771
752.9810216357
994.8769996744
284.1595087871
543.1233473392
934.8472117456
941.1722017420
122.7018913310
141.3594285720
140.3285973975
920.1589613007
243.0620486904
552.5894531058
113.9069530666
939.9567725696
51.7868444123
445.5561204888
561.8073249040
376.6960319849
416.1471303366
386.8192744884
531.1473892890
361.9919951265
166.7727032341
682.4995728605
325.3500601109
951.9935893724
413.8081639446
308.5007303599
442.6235509873
754.7380520245
866.5156845595
511.1567339646
451.6190550895
454.3416236555
697.6339417240
127.1325465888
114.4059451548
495.4594369913
429.0187820927
850.7690559160
101.5313854609
535.1349550169
617.9711892484
530.7240403355
848.8926367913
866.5121634938
592.9695973638
129.5331411669
74.8038140652
236.1383468062
111.5606533308
27.8144094632
73.8438959164
773.0280614612
958.8792801220
260.9218954532
938.1468689763
503.1448139083
606.4404890048
264.5324364081
763.3941647494
990.1351662236
717.1688416372
561.7857756470
76.5809264840
960.1780942148
893.2474520197
880.7517383397
202.3462876524
57.0497197588
751.3540208675
310.7855577501
514.9497051057
456.4175140127
673.0777020808
552.3094504629
27.2244897727
613.0765706678
447.3106509163
539.9582958585
786.9242465734
8.2037040619
344.2490003877
667.8987959404
198.8042462883
519.7791362884
320.8009227836
876.3382255407
877.6974141174
155.4126432589
730.3771736105
450.0500023449
234.5302027427
389.8433042411
552.4257982150
864.6893507219
678.6853041332
38.9595276602
435.8402772415
54.6351488433
458.6874328135
6.7338910350
57.6845233841
839.8359971452
85.0477538998
633.1607703199
28.2149224286
852.5181319248
862.9335633358
303.7791803689
481.9400947606
759.9113609311
99.3553068521
471.4674066068
916.1104405248
879.1787035204
526.1738423621
31.4010593663
297.3305930118
965.4144808571
372.3155978513
541.1813235362
56.6051616063
671.4280741974
205.5481058694
754.3614984946
447.3056500633
828.2994242720
170.8906111941
516.4460598691
312.6502497583
523.3561031446
868.7919830531
602.1425094004
457.4934817231
730.0294998903
498.0904090037
757.6367180687
766.8271442554
94.3889230075
922.5653950144
826.0674282187
864.3151175878
462.6504957573
543.1030020085
59.4609905765
437.2722489303
658.1474959478
866.2725505307
821.5021406948
669.1444912055
535.9751480934
893.3334029592
86.1153955390
124.1900274833
295.2847291715
737.2223365172
38.4299168610
509.7721494283
569.8654970354
153.5528702294
390.7974888538
898.6543375109
605.9931327007
339.5476338393
544.9370264602
319.3221324114
229.7297797636
505.2006375869
91.3947634660
934.4968775716
685.2774550472
442.0964387539
498.5268490273
801.5654620188
809.9667838430
735.1144137196
453.6062391535
876.1556623084
968.4891350586
622.4228611141
995.4726612745
734.4769663876
229.4042409817
219.8447197466
392.8046507440
469.8138385164
351.3190495595
8.9046543185
930.7106661880
245.9414007426
617.2089438858
288.1269389875
582.5019054110
556.8714564969
964.3836552650
680.2382508749
758.8421539087
464.7391641079
768.0240660850
222.0505406377
694.7235136735
665.9498444442
762.2872992107
820.5746108610
936.8358835052
570.9579694215
402.6871680017
10.2829852300
654.5685575926
291.9291828731
999.7916830727
724.6285698335
222.8892083378
215.8636253551
612.8336622589
247.1150916331
321.0385614564
633.3559198850
288.0897089164
131.5958767221
237.5059782183
829.1892979154
566.0208882494
493.6359557332
712.0458413116
905.5386224394
149.1164800399
855.1971004959
111.9462353773
171.6111694463
953.8193291551
55.4310608786
359.9156135228
244.2035875851
710.9213611404
188.7780301017
891.0517612286
632.4232035852
588.9639332001
414.8443002100
412.8309033029
84.9820389701
232.1913796309
109.8231932567
589.5748453084
24.7370441016
940.9599553072
217.6960160397
657.0339185665
704.2340149195
475.8282494918
863.1744332574
237.9929445344
249.1345970239
375.2570991088
590.9354299372
326.1436740798
821.3352457164
58.6582276053
849.4819852216
964.4476768826
596.7945758249
471.4399749511
371.4126433721
389.3327208734
814.7767707789
326.6689780978
456.0485496842
220.2650556280
901.0475917673
454.3664771970
682.0932593709
134.3755340953
705.7472655880
683.9110833849
686.9310305808
154.3494158611
853.9293126254
559.8704266264
924.2518622046
18.9025991713
433.5516971182
450.0499753635
431.1533503653
811.9163335809
841.8067328222
107.6830724091
129.5921917041
938.3887623283
904.8651215159
445.4865858378
750.2304273592
3.4072045428
596.4923135713
789.5518049803
572.0185647425
916.2766772513
199.7929502772
37.5903392383
973.4796658126
314.0989968665
845.5599283418
909.2700970448
738.7916865218
546.2064373982
227.8145163390
915.1024630158
796.5494176107
954.5997520369
561.4263473637
554.0365264402
807.0994408159
385.5051712762
170.7740336354
924.8782253205
294.3277836228
49.9092781153
79.3522280133
254.0545910955
12.7672368679
47.4139441219
726.2003676975
296.1595151252
599.7124125808
65.7629566458
392.6613467662
260.9917799314
231.6081587574
972.1485429532
24.0962580605
18.8462225785
955.8420406743
750.5185565045
475.4786326494
920.0892740656
874.0419757371
533.7839752822
932.5617819270
654.1798871122
483.4804481915
339.3175392440
661.3927913480
251.9047741755
329.9779159813
902.4147268157
365.6838029660
470.3407525765
810.8784053819
676.6997115035
687.4526376892
1.1723163682
752.4730410376
380.3012092342
584.6843120758
299.4836918870
344.2765269433
518.5191906858
172.0415605311
586.7947185528
474.7415776299
615.4810905666
83.0334912636
259.2364130821
804.8298420697
153.5008790358
282.8825570280
291.0488917944
479.5887341616
899.3209163235
761.4892565794
313.6611556737
410.2280700435
535.2377520856
953.4704538346
298.2530819857
815.0280969027
688.3772963355
978.5194147290
475.2431994691
10.8530443236
335.4127294919
564.1929806550
511.3056105208
779.6869712039
408.0212224657
930.0314545231
367.2786889542
771.6585408896
155.8975515496
563.3731384915
217.8267369410
617.9220836633
349.1388707166
788.2684860886
642.7647693739
261.2473560823
252.6555613047
533.3054569187
167.7712889086
520.4176303106
527.1999815735
7.8842849284
937.1645977125
24.2952031568
547.0049889535
264.2560115848
191.5005344707
310.4875338939
780.3648817167
254.0547106508
434.1224795911
445.9079046776
25.0515865893
311.6701072296
122.6144829337
544.8011581693
194.9454690390
597.9302504635
813.5893398705
778.8622449515
228.7414474660
823.2950344100
561.0757373287
390.9501455897
963.6355802263
171.7692145430
866.8254406494
708.6109479908
205.0950430105
7.8089762693
280.9254171583
593.4143871837
161.8183767949
790.0365299839
571.8381869993
788.4479190195
805.0228247535
847.3108809497
147.4266485549
790.0443122415
124.6414086600
333.4340892108
599.8951832904
744.3915965646
8.6444392367
140.1126712654
650.3141426281
794.4168036249
886.6127654784
332.4238075879
184.1595111727
598.3976641423
758.8888367550
505.7946072705
671.6363911247
751.9421407161
32.9337724242
433.7820545491
257.7476028614
204.4918080256
119.3612578087
288.2691534772
28.1299590995
146.5322136683
437.6068939166
189.6981316917
104.0831583831
246.6169773689
602.4630263955
416.9822388249
773.8831207943
806.0973447752
72.5520923217
951.0458914475
157.6902145278
256.9681359567
833.0548325963
944.0465873657
226.0886777821
842.8364107767
337.3429289525
635.7420892119
589.0978281312
726.3726235903
375.2424970833
965.3821818596
308.0922979042
644.7178438990
527.9439563779
767.3116529430
955.6119767819
287.8795674918
377.4236928439
207.8934231121
455.9036198477
458.3034929074
120.6836610413
125.0465926547
472.2696997304
350.9135231809
801.2503361758
146.6589464475
847.6402506176
822.6681470186
367.6025716397
960.6781730000
41.4901807010
883.1371438154
309.2525841827
677.6647607600
870.7331839250
912.0596570373
332.4269653359
671.3349187733
788.4512847099
836.3954689098
63.3557516378
796.1690331949
296.3168340516
659.5895935497
56.8718652367
965.1158992313
981.2558828751
313.0154604232
884.8393239183
942.0078372969
11.8191765556
778.1044156910
987.5775378840
143.8324773689
739.0774236312
687.7262243540
97.1870923755
783.7264346210
844.3940964662
304.6082417793
405.0324889659
804.3864897043
529.4633983350
292.7026380547
627.7904333882
830.2176309894
681.7926206500
421.8318069307
714.9869783209
935.1055702316
507.7082304154
102.7513996013
446.3937773188
823.8354386780
494.7462716280
860.5200907472
733.5620917357
209.3194868164
936.8678601221
500.7934909901
563.5667691929
574.4310408821
376.7015175717
192.9487163662
108.2611989253
797.1242947355
211.3471233617
864.8632287518
482.5186125063
807.4634787226
407.5106772440
521.3042582842
971.9515963374
508.6205046237
569.9535790361
175.8397823353
936.0430175709
43.2127163690
133.8668501214
658.3590943650
163.6179623492
808.2461057012
692.1976070236
141.9309269809
91.6390153598
968.6974519859
645.0250744419
799.0376810958
519.2354607647
273.0105373748
587.8050429737
754.8073731507
935.6470267721
986.8550318577
94.0101221176
971.0815702653
990.4451023443
720.2921022689
224.0186637761
363.7792292717
27.2747830022
507.8860440003
891.1575690433
20.1087997928
550.9960557437
996.7538458486
19.7858847142
575.7466345811
337.8127007079
271.3345217346
638.0674877083
295.9367561997
707.5558456997
555.9155567079
571.5731831938
528.9279088588
26.1358929314
639.9172092560
269.6243877169
993.7875626897
268.2489586957
924.8624542584
22.1985222767
504.6415333850
214.4896937986
772.5121502080
723.4427912999
879.3322813436
902.8740735371
427.0794159523
737.6595092239
294.2546892948
856.8623608132
945.9070549323
880.7990752510
188.9753595735
783.5981629747
222.5618566885
25.6451799297
129.8466090527
693.6927159932
173.4130232944
707.4970347383
683.1593691208
882.8475786112
531.8074953696
385.0161794983
471.4294331530
518.4311156631
805.5693765818
944.5123365745
263.5320857815
57.6984271510
796.7316124081
687.6077962471
434.7472289433
725.6376475301
677.5378251555
474.8543373281
718.0058174208
212.0153922299
680.6036564568
195.9097693306
930.4631304783
517.5506217591
324.7878316552
964.8468291508
914.7260383451
840.2826863588
391.5147139793
887.5787437307
423.4628414102
720.9076384217
834.7906807675
805.8523415904
856.7989267376
522.8784751655
242.2205660916
19.0337861986
197.4693627874
434.5415566531
493.9143153052
629.6832711273
531.8363361028
417.1058650278
790.0631061448
708.8063189890
945.5539802909
456.0148211406
283.6402690592
71.6489131530
800.5133732650
582.4280356020
814.8557805344
932.5692790197
224.7178197731
640.7406492424
270.6948865876
722.6058080732
103.7013979186
912.1903546788
475.9974495145
730.3924455177
109.6865145951
380.6237465739
498.7931642192
40.6787516004
706.2987954747
25.9333588509
710.1993217054
335.1062953640
705.3225024398
628.9559373008
68.2252743100
991.0692478726
476.6300388086
663.9039833951
480.3443193184
399.6619659560
337.5886415606
463.5117849903
673.8051373200
33.6252606018
88.1731865299
191.7200058587
268.7492831042
15.0005917577
406.5589376995
237.4823090648
767.7312138085
913.7128753006
439.7159452788
624.7446599267
612.4397690273
258.0061488212
795.2817609254
876.4584641890
433.0685630837
482.0626714821
636.5359822982
560.7418226996
48.4373963634
123.3871863591
25.7069969852
240.8360457523
687.3644175255
911.6300432943
888.1344761946
834.1864256086
831.6193189081
400.5759534799
330.2174070631
385.9579029158
581.6334772860
771.3224044861
100.3330713008
322.0524613708
842.4548066179
616.2438867209
844.5523025207
871.6229961626
68.1406422001
567.3006130396
747.3129441519
304.5723505411
569.6693356698
488.3618742893
707.6757238214
407.5592357591
32.6960258260
339.2179617942
771.9286255618
586.4887998616
688.0183588336
811.7431221763
509.0027851770
450.7827784950
149.4680153490
780.9412442110
258.3728843974
796.9208149123
579.1166712581
573.1379584647
126.0618541967
460.0536100240
357.5959220463
73.0031213453
570.9743089527
253.8027058067
771.7765131048
575.8079166617
782.2549696844
289.6915332973
568.3411635463
304.6630208902
32.3089839956
40.8917902634
952.8441316560
702.9140534988
389.8873056998
699.7534985989
998.0894513330
521.7414230825
873.0419605165
585.6751820156
585.7233739565
958.7760936846
815.1289996947
620.6896524630
428.5304546142
116.5848786691
240.8155720276
262.3953007208
906.4154761876
176.2917324463
634.8495067344
403.8799533118
149.7623171750
251.1605960806
56.5216189846
877.3047662145
383.6361301541
789.4494679901
58.1564378305
813.4429958393
929.6598204370
622.9057751112
418.7410183493
675.8879488576
384.0380252157
934.6675248179
24.3062966769
612.1073416285
294.2343197740
444.5227116654
212.6919620489
971.7999244207
655.4692698289
756.7078075344
951.6502963994
105.6283824123
339.4012823650
857.4169996022
109.1194425225
174.2055812692
546.5775206927
155.9259717460
942.5836610948
854.2215108369
703.3160992838
918.1092712265
25.3962239777
818.9868446919
809.8704720666
860.5256986804
363.5440231068
316.1582267075
498.1884564250
96.5817267946
606.4734541625
82.1632800438
618.9104708540
621.7652266179
576.9984699632
578.1078373240
98.7343353536
830.1922680587
564.7745705526
640.0308965542
865.4025439969
634.0176067003
30.4171073507
268.2705195826
837.0802410580
685.1709340876
438.4455220751
360.4074378768
329.7142026285
60.2275766796
684.4671940529
913.8349579843
383.2530959840
703.1589106121
355.1195959463
968.2065487192
147.3715182212
843.7083162391
567.9191073715
548.0162060848
186.7226269599
786.5071917167
208.0841593663
362.0636012936
631.6033525830
785.4989583502
557.3770636669
794.0420666840
228.9346422791
641.4583088607
386.3315196657
504.3460146072
365.8823405509
326.2152141891
677.6902260338
353.3826899203
656.8340737820
330.1960089947
901.9399267607
656.7380308886
126.4458150365
875.8779930868
262.0867862380
888.2617058028
900.3871730752
101.3926473781
597.3380987644
892.3135420280
944.1225961442